run	p1	base number	fraction	p2	n1	n2
1	1.0	28	3.363585661014858	0.55	28.0	94.0
1	1.0	10	4.0	0.55	10.0	40.0
1	1.0	5	2.8284271247461903	0.55	5.0	14.0
1	1.0	20	3.363585661014858	0.55	20.0	67.0
1	1.0	7	2.8284271247461903	0.55	7.0	19.0
1	1.0	5	1.681792830507429	0.55	5.0	8.0
1	1.0	7	2.378414230005442	0.55	7.0	16.0
1	1.0	10	3.363585661014858	0.55	10.0	33.0
1	1.0	14	2.8284271247461903	0.55	14.0	39.0
1	1.0	28	4.0	0.55	28.0	112.0
1	1.0	20	4.0	0.55	20.0	80.0
1	1.0	28	1.681792830507429	0.55	28.0	47.0
1	0.67	7	2.378414230005442	1.0	16.0	7.0
1	0.67	28	1.4142135623730951	1.0	39.0	28.0
1	0.67	5	1.4142135623730951	1.0	7.0	5.0
1	0.67	7	4.0	1.0	28.0	7.0
1	0.67	20	1.4142135623730951	1.0	28.0	20.0
1	0.67	28	1.189207115002721	1.0	33.0	28.0
1	0.67	28	2.0	1.0	56.0	28.0
1	0.67	5	2.8284271247461903	1.0	14.0	5.0
1	0.67	14	1.4142135623730951	1.0	19.0	14.0
1	0.67	20	2.8284271247461903	1.0	56.0	20.0
1	0.67	5	1.681792830507429	1.0	8.0	5.0
1	0.67	5	2.0	1.0	10.0	5.0
1	0.55	5	4.0	1.0	20.0	5.0
1	0.55	10	1.681792830507429	1.0	16.0	10.0
1	0.55	28	2.8284271247461903	1.0	79.0	28.0
1	0.55	10	3.363585661014858	1.0	33.0	10.0
1	0.55	5	3.363585661014858	1.0	16.0	5.0
1	0.55	20	1.189207115002721	1.0	23.0	20.0
1	0.55	14	4.0	1.0	56.0	14.0
1	0.55	7	3.363585661014858	1.0	23.0	7.0
1	0.55	10	1.4142135623730951	1.0	14.0	10.0
1	0.55	14	1.189207115002721	1.0	16.0	14.0
1	0.55	14	2.0	1.0	28.0	14.0
1	0.55	7	2.8284271247461903	1.0	19.0	7.0
1	0.45	14	2.8284271247461903	1.0	39.0	14.0
1	0.45	10	2.0	1.0	20.0	10.0
1	0.45	28	1.4142135623730951	1.0	39.0	28.0
1	0.45	7	4.0	1.0	28.0	7.0
1	0.45	7	2.0	1.0	14.0	7.0
1	0.45	5	3.363585661014858	1.0	16.0	5.0
1	0.45	28	1.681792830507429	1.0	47.0	28.0
1	0.45	7	2.378414230005442	1.0	16.0	7.0
1	0.45	5	2.8284271247461903	1.0	14.0	5.0
1	0.45	20	4.0	1.0	80.0	20.0
1	0.45	10	1.4142135623730951	1.0	14.0	10.0
1	0.45	5	1.189207115002721	1.0	5.0	5.0
2	0.55	20	3.363585661014858	1.0	67.0	20.0
2	0.55	7	2.378414230005442	1.0	16.0	7.0
2	0.55	20	1.4142135623730951	1.0	28.0	20.0
2	0.55	28	2.0	1.0	56.0	28.0
2	0.55	28	1.4142135623730951	1.0	39.0	28.0
2	0.55	10	4.0	1.0	40.0	10.0
2	0.55	5	1.681792830507429	1.0	8.0	5.0
2	0.55	5	1.4142135623730951	1.0	7.0	5.0
2	0.55	14	3.363585661014858	1.0	47.0	14.0
2	0.55	5	2.8284271247461903	1.0	14.0	5.0
2	0.55	20	1.681792830507429	1.0	33.0	20.0
2	0.55	14	2.378414230005442	1.0	33.0	14.0
2	0.45	14	2.378414230005442	1.0	33.0	14.0
2	0.45	5	1.681792830507429	1.0	8.0	5.0
2	0.45	7	1.4142135623730951	1.0	9.0	7.0
2	0.45	14	2.0	1.0	28.0	14.0
2	0.45	10	2.378414230005442	1.0	23.0	10.0
2	0.45	28	4.0	1.0	112.0	28.0
2	0.45	20	2.0	1.0	40.0	20.0
2	0.45	14	1.189207115002721	1.0	16.0	14.0
2	0.45	28	3.363585661014858	1.0	94.0	28.0
2	0.45	5	4.0	1.0	20.0	5.0
2	0.45	20	1.4142135623730951	1.0	28.0	20.0
2	0.45	20	2.378414230005442	1.0	47.0	20.0
2	1.0	20	1.4142135623730951	0.55	20.0	28.0
2	1.0	28	2.8284271247461903	0.55	28.0	79.0
2	1.0	20	2.0	0.55	20.0	40.0
2	1.0	14	2.0	0.55	14.0	28.0
2	1.0	20	2.8284271247461903	0.55	20.0	56.0
2	1.0	28	2.0	0.55	28.0	56.0
2	1.0	14	1.681792830507429	0.55	14.0	23.0
2	1.0	28	1.189207115002721	0.55	28.0	33.0
2	1.0	5	1.4142135623730951	0.55	5.0	7.0
2	1.0	7	3.363585661014858	0.55	7.0	23.0
2	1.0	5	1.189207115002721	0.55	5.0	5.0
2	1.0	20	1.189207115002721	0.55	20.0	23.0
2	0.67	14	2.0	1.0	28.0	14.0
2	0.67	20	1.681792830507429	1.0	33.0	20.0
2	0.67	10	2.378414230005442	1.0	23.0	10.0
2	0.67	20	3.363585661014858	1.0	67.0	20.0
2	0.67	7	1.4142135623730951	1.0	9.0	7.0
2	0.67	7	3.363585661014858	1.0	23.0	7.0
2	0.67	14	4.0	1.0	56.0	14.0
2	0.67	14	1.681792830507429	1.0	23.0	14.0
2	0.67	10	1.4142135623730951	1.0	14.0	10.0
2	0.67	20	2.0	1.0	40.0	20.0
2	0.67	28	2.378414230005442	1.0	66.0	28.0
2	0.67	28	1.681792830507429	1.0	47.0	28.0
3	0.55	7	2.0	1.0	14.0	7.0
3	0.55	28	4.0	1.0	112.0	28.0
3	0.55	20	2.378414230005442	1.0	47.0	20.0
3	0.55	7	4.0	1.0	28.0	7.0
3	0.55	10	2.378414230005442	1.0	23.0	10.0
3	0.55	10	1.189207115002721	1.0	11.0	10.0
3	0.55	5	2.378414230005442	1.0	11.0	5.0
3	0.55	7	1.4142135623730951	1.0	9.0	7.0
3	0.55	14	1.4142135623730951	1.0	19.0	14.0
3	0.55	20	2.8284271247461903	1.0	56.0	20.0
3	0.55	5	1.189207115002721	1.0	5.0	5.0
3	0.55	20	4.0	1.0	80.0	20.0
3	0.45	7	1.681792830507429	1.0	11.0	7.0
3	0.45	10	1.189207115002721	1.0	11.0	10.0
3	0.45	5	2.378414230005442	1.0	11.0	5.0
3	0.45	28	2.0	1.0	56.0	28.0
3	0.45	20	2.8284271247461903	1.0	56.0	20.0
3	0.45	20	1.189207115002721	1.0	23.0	20.0
3	0.45	28	1.189207115002721	1.0	33.0	28.0
3	0.45	10	2.8284271247461903	1.0	28.0	10.0
3	0.45	7	2.8284271247461903	1.0	19.0	7.0
3	0.45	28	2.8284271247461903	1.0	79.0	28.0
3	0.45	5	2.0	1.0	10.0	5.0
3	0.45	20	3.363585661014858	1.0	67.0	20.0
3	0.67	10	1.189207115002721	1.0	11.0	10.0
3	0.67	14	2.378414230005442	1.0	33.0	14.0
3	0.67	20	4.0	1.0	80.0	20.0
3	0.67	10	3.363585661014858	1.0	33.0	10.0
3	0.67	10	2.8284271247461903	1.0	28.0	10.0
3	0.67	5	1.189207115002721	1.0	5.0	5.0
3	0.67	5	4.0	1.0	20.0	5.0
3	0.67	28	3.363585661014858	1.0	94.0	28.0
3	0.67	5	2.378414230005442	1.0	11.0	5.0
3	0.67	7	1.681792830507429	1.0	11.0	7.0
3	0.67	20	1.189207115002721	1.0	23.0	20.0
3	0.67	14	3.363585661014858	1.0	47.0	14.0
3	1.0	14	2.378414230005442	0.55	14.0	33.0
3	1.0	7	1.189207115002721	0.55	7.0	8.0
3	1.0	5	4.0	0.55	5.0	20.0
3	1.0	10	2.378414230005442	0.55	10.0	23.0
3	1.0	10	1.681792830507429	0.55	10.0	16.0
3	1.0	20	2.378414230005442	0.55	20.0	47.0
3	1.0	7	4.0	0.55	7.0	28.0
3	1.0	14	4.0	0.55	14.0	56.0
3	1.0	10	1.4142135623730951	0.55	10.0	14.0
3	1.0	28	1.4142135623730951	0.55	28.0	39.0
3	1.0	10	2.0	0.55	10.0	20.0
3	1.0	28	2.378414230005442	0.55	28.0	66.0
4	0.67	7	2.8284271247461903	1.0	19.0	7.0
4	0.67	7	2.0	1.0	14.0	7.0
4	0.67	10	2.0	1.0	20.0	10.0
4	0.67	5	3.363585661014858	1.0	16.0	5.0
4	0.67	14	2.8284271247461903	1.0	39.0	14.0
4	0.67	20	2.378414230005442	1.0	47.0	20.0
4	0.67	14	1.189207115002721	1.0	16.0	14.0
4	0.67	7	1.189207115002721	1.0	8.0	7.0
4	0.67	28	2.8284271247461903	1.0	79.0	28.0
4	0.67	10	1.681792830507429	1.0	16.0	10.0
4	0.67	28	4.0	1.0	112.0	28.0
4	0.67	10	4.0	1.0	40.0	10.0
4	1.0	7	1.681792830507429	0.55	7.0	11.0
4	1.0	5	2.0	0.55	5.0	10.0
4	1.0	10	1.189207115002721	0.55	10.0	11.0
4	1.0	7	1.4142135623730951	0.55	7.0	9.0
4	1.0	14	3.363585661014858	0.55	14.0	47.0
4	1.0	14	1.4142135623730951	0.55	14.0	19.0
4	1.0	5	2.378414230005442	0.55	5.0	11.0
4	1.0	5	3.363585661014858	0.55	5.0	16.0
4	1.0	14	1.189207115002721	0.55	14.0	16.0
4	1.0	10	2.8284271247461903	0.55	10.0	28.0
4	1.0	7	2.0	0.55	7.0	14.0
4	1.0	20	1.681792830507429	0.55	20.0	33.0
4	0.45	28	2.378414230005442	1.0	66.0	28.0
4	0.45	14	1.681792830507429	1.0	23.0	14.0
4	0.45	20	1.681792830507429	1.0	33.0	20.0
4	0.45	10	3.363585661014858	1.0	33.0	10.0
4	0.45	14	4.0	1.0	56.0	14.0
4	0.45	7	3.363585661014858	1.0	23.0	7.0
4	0.45	14	3.363585661014858	1.0	47.0	14.0
4	0.45	10	1.681792830507429	1.0	16.0	10.0
4	0.45	5	1.4142135623730951	1.0	7.0	5.0
4	0.45	14	1.4142135623730951	1.0	19.0	14.0
4	0.45	7	1.189207115002721	1.0	8.0	7.0
4	0.45	10	4.0	1.0	40.0	10.0
4	0.55	10	2.0	1.0	20.0	10.0
4	0.55	14	2.8284271247461903	1.0	39.0	14.0
4	0.55	14	1.681792830507429	1.0	23.0	14.0
4	0.55	28	3.363585661014858	1.0	94.0	28.0
4	0.55	28	2.378414230005442	1.0	66.0	28.0
4	0.55	28	1.681792830507429	1.0	47.0	28.0
4	0.55	5	2.0	1.0	10.0	5.0
4	0.55	28	1.189207115002721	1.0	33.0	28.0
4	0.55	7	1.189207115002721	1.0	8.0	7.0
4	0.55	20	2.0	1.0	40.0	20.0
4	0.55	10	2.8284271247461903	1.0	28.0	10.0
4	0.55	7	1.681792830507429	1.0	11.0	7.0
